         1   0.842701   0.842701   0.842701          1          1          1
     1.125   0.888388   0.888388   0.888388   0.941743   0.941743   0.941743
      1.25     0.9229     0.9229     0.9229   0.906402   0.906402   0.906402
     1.375    0.94817    0.94817    0.94817   0.888914   0.888914   0.888914
       1.5   0.966105   0.966105   0.966105   0.886227   0.886227   0.886227
     1.625   0.978444   0.978444   0.978444   0.896574   0.896574   0.896574
      1.75   0.986672   0.986672   0.986672   0.919063   0.919063   0.919063
     1.875    0.99199    0.99199    0.99199   0.953446   0.953446   0.953446
         2   0.995322   0.995322   0.995322          1          1          1
     2.125   0.997346   0.997346   0.997346    1.05946    1.05946    1.05946
      2.25   0.998537   0.998537   0.998537      1.133      1.133      1.133
     2.375   0.999217   0.999217   0.999217    1.22226    1.22226    1.22226
       2.5   0.999593   0.999593   0.999593    1.32934    1.32934    1.32934
     2.625   0.999795   0.999795   0.999795    1.45693    1.45693    1.45693
      2.75   0.999899   0.999899   0.999899    1.60836    1.60836    1.60836
     2.875   0.999952   0.999952   0.999952    1.78771    1.78771    1.78771
         3   0.999978   0.999978   0.999978          2          2          2
