       0.1   0.112463   0.112463   0.112463    9.51351    9.51351    9.51351
     0.225   0.249665   0.249665   0.249665    4.05296    4.05296    4.05296
      0.35   0.379382   0.379382   0.379382    2.54615    2.54615    2.54615
     0.475   0.498258   0.498258   0.498258    1.86459    1.86459    1.86459
       0.6   0.603856   0.603856   0.603856    1.48919    1.48919    1.48919
     0.725   0.694781   0.694781   0.694781    1.26016    1.26016    1.26016
      0.85   0.770668   0.770668   0.770668    1.11248    1.11248    1.11248
     0.975   0.832062   0.832062   0.832061    1.01506    1.01506    1.01506
       1.1   0.880205   0.880205   0.880205   0.951351   0.951351   0.951351
     1.225     0.9168     0.9168     0.9168   0.911916   0.911916   0.911916
      1.35   0.943762   0.943762   0.943762   0.891151   0.891151   0.891151
     1.475   0.963018   0.963018   0.963018   0.885679   0.885679   0.885679
       1.6   0.976348   0.976348   0.976348   0.893515   0.893515   0.893515
     1.725   0.985293   0.985293   0.985293   0.913613   0.913613   0.913613
      1.85   0.991111   0.991111   0.991111   0.945611   0.945611   0.945611
     1.975   0.994779   0.994779   0.994779   0.989687   0.989687   0.989687
       2.1   0.997021   0.997021    0.99702    1.04649    1.04649    1.04649
     2.225   0.998348   0.998348   0.998348     1.1171     1.1171     1.1171
      2.35   0.999111   0.999111   0.999111    1.20305    1.20305    1.20305
     2.475   0.999535   0.999535   0.999535    1.30638    1.30638    1.30638
       2.6   0.999764   0.999764   0.999764    1.42962    1.42962    1.42962
     2.725   0.999884   0.999884   0.999884    1.57598    1.57598    1.57598
      2.85   0.999944   0.999944   0.999944    1.74938    1.74938    1.74938
     2.975   0.999974   0.999974   0.999974    1.95463    1.95463    1.95463
