               0.001            0.000999               0.998
               0.002           0.0019975            0.998998
          0.00507707          0.00507621             1.00207
           0.0133568           0.0134073             1.01033
           0.0331099           0.0335589             1.03006
            0.071587           0.0739313             1.06855
             0.13825            0.147384             1.13539
             0.24663            0.276309             1.24421
            0.387803            0.461897             1.38546
            0.540334            0.684716             1.53619
            0.695198            0.934219             1.68565
             0.84985              1.2061             1.82966
             1.00385             1.49847             1.96621
             1.15733             1.81014             2.09388
             1.31055              2.1401             2.21135
             1.46379             2.48724             2.31731
              1.6173              2.8503             2.41041
             1.77133             3.22783             2.48924
             1.92609             3.61817             2.55237
             2.08181             4.01942             2.59835
             2.23868             4.42944             2.62568
             2.39693              4.8458             2.63287
             2.55676             5.26575             2.61841
             2.71838             5.68621              2.5808
             2.88202             6.10377             2.51857
              3.0479             6.51459             2.43028
             3.21628             6.91443             2.31456
             3.38742             7.29856             2.17011
              3.5616             7.66176             1.99573
             3.73914             7.99824             1.79041
             3.92034             8.30159             1.55332
             4.10556             8.56474             1.28391
             4.29512             8.77989            0.982084
             4.48929             8.93854             0.64833
             4.68822              9.0316            0.284073
              4.8918              9.0498           -0.107872
             5.09943             8.98452           -0.522684
              5.3098              8.8294           -0.952934
              5.5208             8.58234            -1.38849
             5.72975             8.24727             -1.8175
             5.93393             7.83398            -2.22842
             6.13128             7.35607            -2.61211
             6.32059             6.82804            -2.96272
              6.5015             6.26323            -3.27742
             6.67421             5.67283            -3.55564
             6.83921             5.06578            -3.79814
             6.99717             4.44902            -4.00643
             7.14881             3.82786            -4.18233
             7.29483             3.20624            -4.32777
             7.43594             2.58699            -4.44463
             7.57286             1.97201            -4.53464
             7.70628             1.36242            -4.59931
             7.83691             0.75873            -4.63989
             7.96544            0.160979            -4.65732
                   8         1.22226e-05            -4.65814
