         0          0     1.7975          0          0     1.7975          0
       0.1   0.179952    1.80357 0.00899254   0.179952    1.80357 0.00899254
       0.2   0.361119     1.8218  0.0360309   0.361119     1.8218  0.0360309
       0.3   0.544716    1.85217  0.0812974   0.544716    1.85217  0.0812974
       0.4   0.731959     1.8947   0.145096   0.731959     1.8947   0.145096
       0.5   0.924061    1.94937   0.227851   0.924061    1.94937   0.227851
       0.6    1.12224     2.0162    0.33011    1.12224     2.0162    0.33011
       0.7    1.32771    2.09518   0.452542    1.32771    2.09518   0.452542
       0.8    1.54168     2.1863   0.595935    1.54168     2.1863   0.595935
       0.9    1.76537    2.28958   0.761202    1.76537    2.28958   0.761202
         1          2    2.40501   0.949374          2    2.40501   0.949374
       1.1    2.24556    2.49613    1.16158    2.24556    2.49613    1.16158
       1.2     2.4972    2.52651    1.39869     2.4972    2.52651    1.39869
       1.3    2.74884    2.49613    1.66102    2.74884    2.49613    1.66102
       1.4     2.9944    2.40501    1.94825     2.9944    2.40501    1.94825
       1.5    3.22782    2.25313    2.25949    3.22782    2.25313    2.25949
       1.6      3.443     2.0405    2.59321      3.443     2.0405    2.59321
       1.7    3.63389    1.76712    2.94728    3.63389    1.76712    2.94728
       1.8     3.7944    1.43299    3.31898     3.7944    1.43299    3.31898
       1.9    3.91846    1.03811    3.70495    3.91846    1.03811    3.70495
         2          4   0.582474    4.10125          4   0.582474    4.10125
       2.1    4.03479   0.121892    4.50338    4.03479   0.121892    4.50338
       2.2    4.02607  -0.287835    4.90676    4.02607  -0.287835    4.90676
       2.3    3.97892  -0.646708    5.30731    3.97892  -0.646708    5.30731
       2.4    3.89843  -0.954728    5.70143    3.89843  -0.954728    5.70143
       2.5    3.78967   -1.21189    6.08605    3.78967   -1.21189    6.08605
       2.6    3.65774    -1.4182     6.4586    3.65774    -1.4182     6.4586
       2.7    3.50773   -1.57366      6.817    3.50773   -1.57366      6.817
       2.8    3.34471   -1.67826    7.15971    3.34471   -1.67826    7.15971
       2.9    3.17377   -1.73201    7.48568    3.17377   -1.73201    7.48568
         3          3    -1.7349    7.79437          3    -1.7349    7.79437
       3.1    2.82726    -1.7237    8.08572    2.82726    -1.7237    8.08572
       3.2     2.6545   -1.73517    8.35982     2.6545   -1.73517    8.35982
       3.3    2.47947    -1.7693    8.61655    2.47947    -1.7693    8.61655
       3.4    2.29989    -1.8261    8.85556    2.29989    -1.8261    8.85556
       3.5    2.11349   -1.90556     9.0763    2.11349   -1.90556     9.0763
       3.6    1.91802   -2.00769    9.27796    1.91802   -2.00769    9.27796
       3.7     1.7112   -2.13248    9.45952     1.7112   -2.13248    9.45952
       3.8    1.49077   -2.27994    9.61974    1.49077   -2.27994    9.61974
       3.9    1.25446   -2.45007    9.75715    1.25446   -2.45007    9.75715
         4          1   -2.64286    9.87003          1   -2.64286    9.87003
       4.1   0.726172   -2.82708    9.95649   0.726172   -2.82708    9.95649
       4.2   0.435912   -2.97149    10.0147   0.435912   -2.97149    10.0147
       4.3   0.133201   -3.07609    10.0433   0.133201   -3.07609    10.0433
       4.4  -0.177979   -3.14088    10.0411  -0.177979   -3.14088    10.0411
       4.5  -0.493649   -3.16587    10.0075  -0.493649   -3.16587    10.0075
       4.6  -0.809826   -3.15105    9.94233  -0.809826   -3.15105    9.94233
       4.7   -1.12253   -3.09641    9.84566   -1.12253   -3.09641    9.84566
       4.8   -1.42778   -3.00197    9.71807   -1.42778   -3.00197    9.71807
       4.9    -1.7216   -2.86772    9.56049    -1.7216   -2.86772    9.56049
         5         -2   -2.69367    9.37426         -2   -2.69367    9.37426
       5.1   -2.25894   -2.47799    9.16114   -2.25894   -2.47799    9.16114
       5.2   -2.49415   -2.21888    8.92327   -2.49415   -2.21888    8.92327
       5.3   -2.70127   -1.91634    8.66324   -2.70127   -1.91634    8.66324
       5.4   -2.87597   -1.57037    8.38409   -2.87597   -1.57037    8.38409
       5.5    -3.0139   -1.18096    8.08927    -3.0139   -1.18096    8.08927
       5.6   -3.11072   -0.74813    7.78268   -3.11072   -0.74813    7.78268
       5.7   -3.16208  -0.271863    7.46865   -3.16208  -0.271863    7.46865
       5.8   -3.16364   0.247835    7.15193   -3.16364   0.247835    7.15193
       5.9   -3.11106   0.810965    6.83772   -3.11106   0.810965    6.83772
         6         -3    1.41753    6.53166         -3    1.41753    6.53166
       6.1   -2.82839    1.99904    6.23976   -2.82839    1.99904    6.23976
       6.2   -2.60331    2.48701    5.96777   -2.60331    2.48701    5.96777
       6.3   -2.33411    2.88145    5.72057   -2.33411    2.88145    5.72057
       6.4   -2.03014    3.18236    5.50211   -2.03014    3.18236    5.50211
       6.5   -1.70075    3.38973    5.31539   -1.70075    3.38973    5.31539
       6.6   -1.35531    3.50356    5.16249   -1.35531    3.50356    5.16249
       6.7   -1.00316    3.52387    5.04455   -1.00316    3.52387    5.04455
       6.8  -0.653655    3.45063    4.96177  -0.653655    3.45063    4.96177
       6.9  -0.316151    3.28387    4.91342  -0.316151    3.28387    4.91342
         7          0    3.02356    4.89783          0    3.02356    4.89783
       7.1   0.287515    2.73185    4.91245   0.287515    2.73185    4.91245
       7.2   0.547393    2.47084    4.95441   0.547393    2.47084    4.95441
       7.3   0.782706    2.24054    5.02111   0.782706    2.24054    5.02111
       7.4   0.996524    2.04094    5.11023   0.996524    2.04094    5.11023
       7.5    1.19192    1.87205     5.2198    1.19192    1.87205     5.2198
       7.6    1.37196    1.73387    5.34811    1.37196    1.73387    5.34811
       7.7    1.53972     1.6264    5.49378    1.53972     1.6264    5.49378
       7.8    1.69826    1.54963    5.65574    1.69826    1.54963    5.65574
       7.9    1.85067    1.50357    5.83323    1.85067    1.50357    5.83323
         8          2    1.48822    6.02577          2    1.48822    6.02577
