         0          0          0          0          0
       0.5          1       0.25          1       0.25
         1          2          1          2          1
       1.5          3       2.25          3       2.25
         2          4          4          4          4
       2.5        3.5      5.875        3.5      5.875
         3          3        7.5          3        7.5
       3.5          2       8.75          2       8.75
         4          1        9.5          1        9.5
       4.5       -0.5      9.625       -0.5      9.625
         5         -2          9         -2          9
       5.5       -2.5      7.875       -2.5      7.875
         6         -3        6.5         -3        6.5
       6.5       -1.5      5.375       -1.5      5.375
         7          0          5          0          5
       7.5          1       5.25          1       5.25
         8          2          6          2          6
