         0          0          2          0
       0.5          1          2       0.25
         1          2          2          1
       1.5          3          2       2.25
         2          4          2          4
       2.5       4.25         -1      6.125
         3          3         -4          8
       3.5        1.5         -2    9.08333
         4          1          0    9.66667
       4.5       0.25         -3    10.0417
         5         -2         -6    9.66667
       5.5      -3.75         -1      8.125
         6         -3          4    6.33333
       6.5      -1.25          3    5.29167
         7          0          2          5
       7.5          1          2       5.25
         8          2          2          6
