0 0 0
0.047619 0.149042 0.149042
0.0952381 0.294755 0.294755
0.142857 0.433884 0.433884
0.190476 0.56332 0.56332
0.238095 0.680173 0.680173
0.285714 0.781831 0.781831
0.333333 0.866025 0.866025
0.380952 0.930874 0.930874
0.428571 0.974928 0.974928
0.47619 0.997204 0.997204
0.52381 0.997204 0.997204
0.571429 0.974928 0.974928
0.619048 0.930874 0.930874
0.666667 0.866025 0.866025
0.714286 0.781831 0.781831
0.761905 0.680173 0.680173
0.809524 0.56332 0.56332
0.857143 0.433884 0.433884
0.904762 0.294755 0.294755
0.952381 0.149042 0.149042
1 0 0
0 0 0
0.047619 0.294755 0.294755
0.0952381 0.56332 0.56332
0.142857 0.781831 0.781831
0.190476 0.930874 0.930874
0.238095 0.997204 0.997204
0.285714 0.974928 0.974928
0.333333 0.866025 0.866025
0.380952 0.680173 0.680173
0.428571 0.433884 0.433884
0.47619 0.149042 0.149042
0.52381 -0.149042 -0.149042
0.571429 -0.433884 -0.433884
0.619048 -0.680173 -0.680173
0.666667 -0.866025 -0.866025
0.714286 -0.974928 -0.974928
0.761905 -0.997204 -0.997204
0.809524 -0.930874 -0.930874
0.857143 -0.781831 -0.781831
0.904762 -0.56332 -0.56332
0.952381 -0.294755 -0.294755
1 0 0
0 0 0
0.047619 0.433884 0.433884
0.0952381 0.781831 0.781831
0.142857 0.974928 0.974928
0.190476 0.974928 0.974928
0.238095 0.781831 0.781831
0.285714 0.433884 0.433884
0.333333 1.22465e-16 -4.24685e-09
0.380952 -0.433884 -0.433884
0.428571 -0.781831 -0.781831
0.47619 -0.974928 -0.974928
0.52381 -0.974928 -0.974928
0.571429 -0.781831 -0.781831
0.619048 -0.433884 -0.433884
0.666667 -2.44929e-16 -2.01951e-09
0.714286 0.433884 0.433884
0.761905 0.781831 0.781831
0.809524 0.974928 0.974928
0.857143 0.974928 0.974928
0.904762 0.781831 0.781831
0.952381 0.433884 0.433884
1 0 0
