1000 0.349431 1.02406
2000 0.235504 0.176588
3000 0.200319 0.323152
4000 0.17098 0.158165
5000 0.15628 0.156056
6000 0.142368 0.116637
7000 0.129564 0.0633138
8000 0.122226 0.118349
9000 0.115975 0.0389473
10000 0.1105 0.0945259
11000 0.104477 0.0116159
12000 0.101493 0.0783753
13000 0.0968101 0.0181283
14000 0.0935291 0.0734895
15000 0.0892681 0.03674
16000 0.0875532 0.0560684
17000 0.0847604 0.0377889
18000 0.0823617 0.0340792
19000 0.0797867 0.0518189
20000 0.0777176 0.014557
21000 0.0761259 0.0377711
22000 0.0744808 0.00704952
23000 0.0730509 0.0414334
24000 0.0709406 0.0135688
25000 0.0700656 0.035578
26000 0.0687866 0.00229659
27000 0.0674518 0.0335281
28000 0.0660689 0.0248243
29000 0.0643638 0.0228565
30000 0.0635228 0.0263971
31000 0.0625019 0.0232572
32000 0.0615721 0.0362494
33000 0.0604766 0.00358241
34000 0.0597401 0.0296614
35000 0.0584658 0.00158883
36000 0.0581439 0.0282086
37000 0.0570772 0.0112052
38000 0.0562471 0.0205341
39000 0.0562522 0.0161199
40000 0.0552608 0.0178152
41000 0.0546312 0.0150565
42000 0.0536713 0.0127254
43000 0.0534215 0.0193614
44000 0.0525918 0.00602599
45000 0.0521136 0.0244659
46000 0.0516631 0.0068038
47000 0.0508521 0.0219814
48000 0.0503548 0.00688024
49000 0.0500159 0.0207429
50000 0.0488546 0.0142858
51000 0.04869 0.0187008
52000 0.0481716 0.0152609
53000 0.0479192 0.0109881
54000 0.0476265 0.018929
55000 0.0470504 0.00222534
56000 0.0467023 0.018073
57000 0.0462293 0.00191062
58000 0.0456783 0.016799
59000 0.0451981 0.00473455
60000 0.0451063 0.0125226
61000 0.0448398 0.00647399
62000 0.0442991 0.0163612
63000 0.0438887 0.0106178
64000 0.0436556 0.0101954
65000 0.0430546 0.0142089
66000 0.0427914 0.00814969
67000 0.042787 0.0170627
68000 0.0422163 0.000315403
69000 0.0419254 0.0139484
70000 0.0417046 0.00469817
71000 0.0414851 0.0145416
72000 0.0411505 0.0083858
73000 0.0409174 0.0097132
74000 0.040465 0.00686105
75000 0.040327 0.00733423
76000 0.0399137 0.0101333
77000 0.0397122 0.00410846
78000 0.0393695 0.0102893
79000 0.039189 0.00519625
80000 0.0390742 0.0129042
81000 0.0387059 0.000675094
82000 0.0386303 0.0118547
83000 0.0382651 0.00308326
84000 0.0380411 0.011289
85000 0.0378442 0.00866745
86000 0.0377193 0.00875529
87000 0.0374305 0.00935129
88000 0.0372311 0.00610322
89000 0.0369839 0.0103765
90000 0.0369158 0.00168293
91000 0.036525 0.0112248
92000 0.0363263 0.000136118
93000 0.0360473 0.0103152
94000 0.0359496 0.00184279
95000 0.035714 0.00860022
96000 0.0353933 0.00504626
97000 0.0355851 0.00844413
98000 0.0352631 0.00817676
99000 0.0351484 0.00696595
