0 0 1 0
0.0408163 0.039173 0.920033 0.000810551
0.0816327 0.07515 0.843391 0.00315431
0.122449 0.108066 0.77006 0.0069036
0.163265 0.138057 0.700014 0.0119362
0.204082 0.165255 0.63322 0.0181355
0.244898 0.189792 0.569636 0.0253902
0.285714 0.211799 0.509214 0.0335943
0.326531 0.231403 0.4519 0.0426472
0.367347 0.24873 0.397634 0.0524534
0.408163 0.263903 0.346349 0.0629224
0.44898 0.277043 0.297977 0.0739688
0.489796 0.288266 0.252443 0.085512
0.530612 0.297688 0.209672 0.0974762
0.571429 0.305419 0.169582 0.10979
0.612245 0.311567 0.132093 0.122387
0.653061 0.316236 0.0971196 0.135204
0.693878 0.319528 0.0645774 0.148183
0.734694 0.32154 0.0343795 0.161271
0.77551 0.322365 0.00643895 0.174415
0.816327 0.322095 -0.019332 0.187571
0.857143 0.320815 -0.0430209 0.200695
0.897959 0.31861 -0.0647153 0.213748
0.938776 0.315558 -0.084502 0.226693
0.979592 0.311737 -0.102467 0.239497
1.02041 0.307217 -0.118697 0.252131
1.06122 0.30207 -0.133274 0.264567
1.10204 0.296359 -0.146283 0.276782
1.14286 0.290148 -0.157803 0.288753
1.18367 0.283497 -0.167916 0.300462
1.22449 0.276459 -0.176699 0.31189
1.26531 0.269089 -0.184229 0.323025
1.30612 0.261436 -0.190578 0.333853
1.34694 0.253547 -0.195821 0.344364
1.38776 0.245465 -0.200026 0.354548
1.42857 0.237231 -0.203262 0.3644
1.46939 0.228884 -0.205594 0.373912
1.5102 0.22046 -0.207085 0.383083
1.55102 0.21199 -0.207797 0.391909
1.59184 0.203506 -0.207789 0.400388
1.63265 0.195037 -0.207116 0.408522
1.67347 0.186607 -0.205834 0.41631
1.71429 0.178242 -0.203994 0.423756
1.7551 0.169961 -0.201646 0.430861
1.79592 0.161787 -0.198837 0.437631
1.83673 0.153736 -0.195612 0.44407
1.87755 0.145824 -0.192014 0.450183
1.91837 0.138066 -0.188084 0.455976
1.95918 0.130474 -0.18386 0.461456
2 0.12306 -0.179379 0.46663
