0 4.95867 4.92883 4.98851
0.1 4.94153 4.91134 4.97172
0.2 4.92439 4.89385 4.95494
0.3 4.90725 4.87636 4.93815
0.4 4.89012 4.85887 4.92137
0.5 4.87298 4.84137 4.90458
0.6 4.85584 4.82388 4.8878
0.7 4.8387 4.80639 4.87102
0.8 4.82157 4.7889 4.85423
0.9 4.80443 4.77141 4.83745
1 4.78729 4.75392 4.82066
1.1 4.77015 4.73642 4.80388
1.2 4.75301 4.71893 4.78709
1.3 4.73588 4.70144 4.77031
1.4 4.71874 4.68395 4.75352
1.5 4.7016 4.66646 4.73674
1.6 4.68446 4.64897 4.71996
1.7 4.66732 4.63148 4.70317
1.8 4.65019 4.61398 4.68639
1.9 4.63305 4.59649 4.6696
2 4.61591 4.579 4.65282
2.1 4.59877 4.56151 4.63603
2.2 4.58163 4.54402 4.61925
2.3 4.5645 4.52653 4.60247
2.4 4.54736 4.50904 4.58568
2.5 4.53022 4.49154 4.5689
2.6 4.51308 4.47405 4.55211
2.7 4.49594 4.45656 4.53533
2.8 4.47881 4.43907 4.51854
2.9 4.46167 4.42158 4.50176
3 4.44453 4.40409 4.48497
3.1 4.42739 4.38659 4.46819
3.2 4.41025 4.3691 4.45141
3.3 4.39312 4.35161 4.43462
3.4 4.37598 4.33412 4.41784
3.5 4.35884 4.31663 4.40105
3.6 4.3417 4.29914 4.38427
3.7 4.32456 4.28165 4.36748
3.8 4.30743 4.26415 4.3507
3.9 4.29029 4.24666 4.33391
4 4.27315 4.22917 4.31713
4.1 4.25601 4.21168 4.30035
4.2 4.23888 4.19419 4.28356
4.3 4.22174 4.1767 4.26678
4.4 4.2046 4.15921 4.24999
4.5 4.18746 4.14171 4.23321
4.6 4.17032 4.12422 4.21642
4.7 4.15319 4.10673 4.19964
4.8 4.13605 4.08924 4.18286
4.9 4.11891 4.07175 4.16607
5 4.10177 4.05426 4.14929
5.1 4.08463 4.03676 4.1325
5.2 4.0675 4.01927 4.11572
5.3 4.05036 4.00178 4.09893
5.4 4.03322 3.98429 4.08215
5.5 4.01608 3.9668 4.06536
5.6 3.99894 3.94931 4.04858
5.7 3.98181 3.93182 4.0318
5.8 3.96467 3.91432 4.01501
5.9 3.94753 3.89683 3.99823
6 3.93039 3.87934 3.98144
6.1 3.91325 3.86185 3.96466
6.2 3.89612 3.84436 3.94787
6.3 3.87898 3.82687 3.93109
6.4 3.86184 3.80938 3.91431
6.5 3.8447 3.79188 3.89752
6.6 3.82756 3.77439 3.88074
6.7 3.81043 3.7569 3.86395
6.8 3.79329 3.73941 3.84717
6.9 3.77615 3.72192 3.83038
7 3.75901 3.70443 3.8136
7.1 3.74187 3.68693 3.79681
7.2 3.72474 3.66944 3.78003
7.3 3.7076 3.65195 3.76325
7.4 3.69046 3.63446 3.74646
7.5 3.67332 3.61697 3.72968
7.6 3.65618 3.59948 3.71289
7.7 3.63905 3.58199 3.69611
7.8 3.62191 3.56449 3.67932
7.9 3.60477 3.547 3.66254
8 3.58763 3.52951 3.64576
8.1 3.5705 3.51202 3.62897
8.2 3.55336 3.49453 3.61219
8.3 3.53622 3.47704 3.5954
8.4 3.51908 3.45955 3.57862
8.5 3.50194 3.44205 3.56183
8.6 3.48481 3.42456 3.54505
8.7 3.46767 3.40707 3.52826
8.8 3.45053 3.38958 3.51148
8.9 3.43339 3.37209 3.4947
9 3.41625 3.3546 3.47791
9.1 3.39912 3.3371 3.46113
9.2 3.38198 3.31961 3.44434
9.3 3.36484 3.30212 3.42756
9.4 3.3477 3.28463 3.41077
9.5 3.33056 3.26714 3.39399
9.6 3.31343 3.24965 3.3772
9.7 3.29629 3.23216 3.36042
9.8 3.27915 3.21466 3.34364
9.9 3.26201 3.19717 3.32685
10 3.24487 3.17968 3.31007
10.1 3.22774 3.16219 3.29328
10.2 3.2106 3.1447 3.2765
10.3 3.19346 3.12721 3.25971
10.4 3.17632 3.10972 3.24293
10.5 3.15918 3.09222 3.22615
10.6 3.14205 3.07473 3.20936
10.7 3.12491 3.05724 3.19258
10.8 3.10777 3.03975 3.17579
10.9 3.09063 3.02226 3.15901
11 3.07349 3.00477 3.14222
11.1 3.05636 2.98728 3.12544
11.2 3.03922 2.96978 3.10865
11.3 3.02208 2.95229 3.09187
11.4 3.00494 2.9348 3.07509
11.5 2.98781 2.91731 3.0583
11.6 2.97067 2.89982 3.04152
11.7 2.95353 2.88233 3.02473
11.8 2.93639 2.86483 3.00795
11.9 2.91925 2.84734 2.99116
12 2.90212 2.82985 2.97438
12.1 2.88498 2.81236 2.9576
12.2 2.86784 2.79487 2.94081
12.3 2.8507 2.77738 2.92403
12.4 2.83356 2.75989 2.90724
12.5 2.81643 2.74239 2.89046
12.6 2.79929 2.7249 2.87367
12.7 2.78215 2.70741 2.85689
12.8 2.76501 2.68992 2.8401
12.9 2.74787 2.67243 2.82332
13 2.73074 2.65494 2.80654
13.1 2.7136 2.63745 2.78975
13.2 2.69646 2.61995 2.77297
13.3 2.67932 2.60246 2.75618
13.4 2.66218 2.58497 2.7394
13.5 2.64505 2.56748 2.72261
13.6 2.62791 2.54999 2.70583
13.7 2.61077 2.5325 2.68904
13.8 2.59363 2.515 2.67226
13.9 2.57649 2.49751 2.65548
14 2.55936 2.48002 2.63869
14.1 2.54222 2.46253 2.62191
14.2 2.52508 2.44504 2.60512
14.3 2.50794 2.42755 2.58834
14.4 2.4908 2.41006 2.57155
14.5 2.47367 2.39256 2.55477
14.6 2.45653 2.37507 2.53799
14.7 2.43939 2.35758 2.5212
14.8 2.42225 2.34009 2.50442
14.9 2.40512 2.3226 2.48763
15 2.38798 2.30511 2.47085
15.1 2.37084 2.28762 2.45406
15.2 2.3537 2.27012 2.43728
15.3 2.33656 2.25263 2.42049
15.4 2.31943 2.23514 2.40371
15.5 2.30229 2.21765 2.38693
15.6 2.28515 2.20016 2.37014
15.7 2.26801 2.18267 2.35336
15.8 2.25087 2.16517 2.33657
15.9 2.23374 2.14768 2.31979
16 2.2166 2.13019 2.303
16.1 2.19946 2.1127 2.28622
16.2 2.18232 2.09521 2.26944
16.3 2.16518 2.07772 2.25265
16.4 2.14805 2.06023 2.23587
16.5 2.13091 2.04273 2.21908
16.6 2.11377 2.02524 2.2023
16.7 2.09663 2.00775 2.18551
16.8 2.07949 1.99026 2.16873
16.9 2.06236 1.97277 2.15194
17 2.04522 1.95528 2.13516
17.1 2.02808 1.93779 2.11838
17.2 2.01094 1.92029 2.10159
17.3 1.9938 1.9028 2.08481
17.4 1.97667 1.88531 2.06802
17.5 1.95953 1.86782 2.05124
17.6 1.94239 1.85033 2.03445
17.7 1.92525 1.83284 2.01767
17.8 1.90811 1.81534 2.00088
17.9 1.89098 1.79785 1.9841
18 1.87384 1.78036 1.96732
18.1 1.8567 1.76287 1.95053
18.2 1.83956 1.74538 1.93375
18.3 1.82243 1.72789 1.91696
18.4 1.80529 1.7104 1.90018
18.5 1.78815 1.6929 1.88339
18.6 1.77101 1.67541 1.86661
18.7 1.75387 1.65792 1.84983
18.8 1.73674 1.64043 1.83304
18.9 1.7196 1.62294 1.81626
19 1.70246 1.60545 1.79947
19.1 1.68532 1.58796 1.78269
19.2 1.66818 1.57046 1.7659
19.3 1.65105 1.55297 1.74912
19.4 1.63391 1.53548 1.73233
19.5 1.61677 1.51799 1.71555
19.6 1.59963 1.5005 1.69877
19.7 1.58249 1.48301 1.68198
19.8 1.56536 1.46551 1.6652
19.9 1.54822 1.44802 1.64841
20 1.53108 1.43053 1.63163
