-2 0.135335 0.135335
-1.875 0.153355 0.153355
-1.75 0.173774 0.173774
-1.625 0.196912 0.196912
-1.5 0.22313 0.22313
-1.375 0.25284 0.25284
-1.25 0.286505 0.286505
-1.125 0.324652 0.324652
-1 0.367879 0.367879
-0.875 0.416862 0.416862
-0.75 0.472367 0.472367
-0.625 0.535261 0.535261
-0.5 0.606531 0.606531
-0.375 0.687289 0.687289
-0.25 0.778801 0.778801
-0.125 0.882497 0.882497
0 1 1
0.125 1.13315 1.13315
0.25 1.28403 1.28403
0.375 1.45499 1.45499
0.5 1.64872 1.64872
0.625 1.86825 1.86825
0.75 2.117 2.117
0.875 2.39888 2.39888
1 2.71828 2.71828
1.125 3.08022 3.08022
1.25 3.49034 3.49034
1.375 3.95508 3.95508
1.5 4.48169 4.48169
1.625 5.07842 5.07842
1.75 5.7546 5.7546
1.875 6.52082 6.52082
2 7.38906 7.38906
