                   0           -0.970004            0.243088                   0                   0            0.970044           -0.243088            0.466204            0.432366           -0.932407           -0.864731            0.466204            0.432366
                 0.1            -0.91707            0.284423          -0.0937749          -0.0857865             1.01088           -0.198636            0.595285            0.389889           -0.948321           -0.843918            0.353036            0.454029
             0.19026           -0.857657            0.316895            -0.18095           -0.159698             1.03865           -0.157198            0.722793            0.324342           -0.986706           -0.787305            0.263913            0.462963
             0.27059           -0.794935            0.339656           -0.261988           -0.219798             1.05696           -0.119857             0.83882            0.237001            -1.03209           -0.703209            0.193265            0.466208
             0.34351           -0.730101             0.35323            -0.33875            -0.26741             1.06889          -0.0858195            0.937898            0.130486            -1.07251           -0.597653            0.134608            0.467167
            0.414696           -0.660326            0.358104           -0.416182           -0.305547             1.07655           -0.052557             1.01941          0.00221771            -1.10034           -0.469515           0.0809321            0.467297
            0.482555            -0.58913            0.353619           -0.491196           -0.332769             1.08037          -0.0208496             1.07486           -0.137119            -1.10666             -0.3301           0.0317987            0.467219
            0.547431           -0.518353            0.340202           -0.562536           -0.349663             1.08093          0.00946073             1.10274           -0.277396            -1.08831           -0.189803          -0.0144307            0.467199
            0.610354           -0.448744            0.318534           -0.629822           -0.357394             1.07861             0.03886             1.10593           -0.410603            -1.04637          -0.0566623          -0.0595653            0.467265
            0.672556           -0.380369             0.28918           -0.693076           -0.357106             1.07348           0.0679265             1.08955           -0.531224           -0.984149           0.0639357           -0.105405            0.467288
              0.7353           -0.312885            0.252476           -0.752443           -0.349716             1.06537           0.0972395             1.05966           -0.635829           -0.905856            0.168853           -0.153808            0.466976
            0.799846           -0.245662             0.20853           -0.808048            -0.33588             1.05375            0.127349             1.02262           -0.722439           -0.815765             0.25665            -0.20685             0.46579
            0.867518           -0.177755            0.157231           -0.859949           -0.316013             1.03774            0.158781            0.984859           -0.789903           -0.717779            0.327158            -0.26708            0.462746
            0.939862            -0.10772           0.0982315           -0.908145           -0.290274              1.0159            0.192043            0.953021           -0.837154           -0.615116            0.381156           -0.337905            0.455998
             1.01884          -0.0333091            0.030958           -0.952532           -0.258518             0.98588             0.22756            0.934245           -0.862005           -0.510155            0.420056            -0.42409            0.441949
             1.10655           0.0485553          -0.0447533           -0.992583           -0.220446            0.944067            0.265199            0.936536           -0.859074           -0.404975            0.445571           -0.531561            0.413503
             1.20158            0.138733           -0.124814            -1.02621           -0.177352            0.887512            0.302165            0.965728           -0.819115           -0.304787            0.459588           -0.660941            0.359528
             1.28654            0.222538           -0.191634            -1.04869           -0.138041            0.826189            0.329676             1.00939           -0.747748           -0.225906            0.465048           -0.783485              0.2827
             1.36278            0.301169           -0.245205            -1.06344           -0.102505             0.76231             0.34771              1.0535           -0.652157           -0.162005            0.466883           -0.891492            0.185274
             1.43289            0.376295           -0.287074            -1.07287          -0.0697529            0.696614            0.356827             1.08799           -0.537748           -0.107539             0.46732           -0.980456           0.0704287
             1.50156            0.451741           -0.319552            -1.07851           -0.037661            0.626803            0.357214             1.10606           -0.404667           -0.056889            0.467305            -1.04917          -0.0626381
             1.56753            0.524682           -0.341686             -1.0807         -0.00683283            0.556053            0.348519             1.10097           -0.264464         -0.00959235            0.467246            -1.09137           -0.202782
              1.6312            0.593973           -0.354149            -1.07986           0.0229166            0.485929            0.331233             1.07144           -0.126948           0.0358178             0.46728            -1.10726           -0.340332
             1.69357            0.659297            -0.35804            -1.07623           0.0520618            0.416969            0.305978             1.01969         0.000829929           0.0810318            0.467359            -1.10072           -0.468189
             1.75583            0.720689           -0.354376            -1.06974           0.0811597            0.349086            0.273217            0.949528            0.114458            0.127818            0.467283            -1.07735           -0.581742
             1.81922            0.778269           -0.343946            -1.06006            0.110766            0.281827             0.23318            0.865277            0.211588            0.178095            0.466665            -1.04337           -0.678253
             1.88501            0.832123           -0.327293            -1.04652            0.141414            0.214441             0.18588            0.771087            0.291389            0.234113            0.464794             -1.0052           -0.756182
             1.95458            0.882276            -0.30472            -1.02802            0.173618            0.145786            0.131102            0.670582            0.354159             0.29876            0.460361           -0.969341            -0.81452
             2.02967             0.92869           -0.276252            -1.00274            0.207867           0.0740932           0.0683846            0.566597            0.401009            0.376009            0.450867           -0.942607           -0.851876
              2.1124            0.971143           -0.241614           -0.967771            0.244444         -0.00333217          -0.0028304            0.461211            0.433532            0.471338            0.431368           -0.932549           -0.864899
              2.2041             1.00857           -0.200843           -0.919226            0.282393           -0.089309          -0.0815499            0.357264            0.453485            0.589827            0.392587           -0.947091           -0.846071
             2.29363             1.03649           -0.159773           -0.860843             0.31493           -0.175606           -0.155157            0.268127            0.462796            0.716101            0.329161           -0.984228           -0.791958
             2.37419             1.05517           -0.122326           -0.798454            0.338207           -0.256672           -0.215881            0.196699            0.466284            0.832805            0.243344             -1.0295           -0.709628
             2.44733             1.06736          -0.0881747           -0.733822            0.352332           -0.333499           -0.264157            0.137467             0.46735            0.933089            0.138041            -1.07056           -0.605391
             2.51872             1.07523           -0.054805            -0.66414             0.35779           -0.411046           -0.302985           0.0833627            0.467524             1.01625           0.0105414            -1.09961           -0.478065
             2.58669             1.07921          -0.0230281            -0.59298            0.353875           -0.486186           -0.330847           0.0339649            0.467459             1.07347           -0.128556            -1.10744           -0.338903
             2.65159             1.07991          0.00730878           -0.522213            0.341004           -0.557653           -0.348313          -0.0123868            0.467444             1.10302           -0.269087            -1.09063           -0.198357
             2.71445             1.07771           0.0366925           -0.452616            0.319864           -0.625058           -0.356557          -0.0575197            0.467518              1.1076           -0.402934            -1.05008          -0.0645833
             2.77649             1.07273           0.0657036           -0.384272            0.291032           -0.688423           -0.356736            -0.10324            0.467561             1.09226           -0.524465            -0.98902           0.0569042
               2.839             1.06479           0.0949236           -0.316852            0.254858             -0.7479           -0.349782           -0.151399            0.467295             1.06303           -0.630154           -0.911628            0.162859
             2.90322              1.0534            0.124904           -0.249742            0.211462           -0.803616           -0.336366           -0.204051            0.466204             1.02623           -0.717957           -0.822181            0.251753
             2.97046              1.0377            0.156172           -0.182023            0.160746           -0.855638           -0.316918           -0.263705            0.463343            0.988317           -0.786693           -0.724612             0.32335
             3.04225              1.0163            0.189233           -0.112295             0.10238           -0.903966           -0.291612           -0.333695            0.456949            0.955881           -0.835324           -0.622186            0.378375
             3.12051            0.986925            0.224525          -0.0383782           0.0358005           -0.948508           -0.260326           -0.418686            0.443584            0.936019           -0.861793           -0.517333            0.418209
             3.20737            0.946055            0.261991           0.0427736          -0.0392426            -0.98879           -0.222748           -0.524605            0.416458            0.936698           -0.861009           -0.412093            0.444551
             3.30186             0.89053            0.299119            0.132377           -0.119161            -1.02287           -0.179958           -0.652901            0.364562            0.964201           -0.823818           -0.311301            0.459256
              3.3871            0.829666            0.327224            0.216301           -0.186698            -1.04593           -0.140527           -0.776081            0.289508             1.00736           -0.754621           -0.231274            0.465113
             3.46356            0.766128            0.345891            0.295014           -0.241016             -1.0611           -0.104875           -0.885302            0.193624             1.05188           -0.660742           -0.166582            0.467118
             3.53374            0.700746             0.35565            0.370139            -0.28358            -1.07085            -0.07207           -0.975831           0.0800393             1.08747           -0.547659           -0.111639            0.467619
             3.60245             0.63115            0.356726            0.445644           -0.316787            -1.07675          -0.0399392            -1.04652          -0.0523273             1.10718           -0.415295           -0.060663            0.467623
             3.66838            0.560556            0.348724            0.518669           -0.339613            -1.07919         -0.00911134            -1.09075           -0.192388             1.10396           -0.275173          -0.0132049            0.467561
             3.73191            0.490567            0.332126            0.588056           -0.352718            -1.07858           0.0205925            -1.10847           -0.330397             1.07626           -0.137193           0.0322145             0.46759
             3.79404            0.421744             0.30756            0.653484           -0.357207            -1.07519           0.0496469            -1.10341           -0.459122             1.02612         -0.00854934            0.077293            0.467671
             3.85597            0.354021              0.2755            0.714992           -0.354111            -1.06897           0.0786102            -1.08108            -0.57383            0.957284            0.106209            0.123794            0.467621
             3.91894            0.286959            0.236191            0.772707           -0.344231            -1.05963             0.10804            -1.04766           -0.671686            0.874045            0.204617            0.173615            0.467069
             3.98419            0.219832            0.189653            0.826724           -0.328125            -1.04652            0.138471            -1.00953           -0.751093            0.780568            0.285748            0.228964            0.465345
             4.05311            0.151542             0.13569            0.877073           -0.306108            -1.02858            0.170418            -0.97317           -0.811034            0.680518            0.349823            0.292653            0.461211
             4.12737            0.080391           0.0738557            0.923727           -0.278229            -1.00408            0.204374           -0.945323           -0.850207            0.576791            0.397892            0.368532            0.452314
             4.20908          0.00377462          0.00357034            0.966492            -0.24423           -0.970227             0.24066           -0.933445           -0.865526            0.471498            0.431517            0.461947            0.434009
             4.29978          -0.0812435          -0.0744917             1.00444           -0.204037           -0.923155            0.278529           -0.945541           -0.849891            0.367246            0.452442            0.578295            0.397449
             4.38982           -0.167818           -0.148994             1.03333            -0.16279           -0.865471            0.311784           -0.981189             -0.7987            0.276359            0.462493             0.70483            0.336206
             4.47098            -0.24923           -0.210814             1.05276           -0.125072           -0.803486            0.335886            -1.02631           -0.718646            0.203559            0.466302            0.822754            0.252344
             4.54454           -0.326278           -0.260095             1.06549           -0.090722           -0.739173            0.350817            -1.06818           -0.616205             0.14345            0.467485             0.92473             0.14872
             4.61628           -0.404101            -0.29994              1.0738          -0.0571726            -0.66966            0.357112            -1.09887           -0.490018           0.0887105            0.467688             1.01016           0.0223304
              4.6845           -0.479529           -0.328736             1.07815          -0.0252703           -0.598577            0.354007            -1.10876           -0.351244           0.0389223            0.467612             1.06984           -0.116369
             4.74952           -0.551287           -0.347033             1.07916           0.0051334           -0.527837              0.3419            -1.09409           -0.210391         -0.00761634            0.467574              1.1017           -0.257183
             4.81239           -0.618978           -0.356011             1.07727           0.0345275           -0.458252            0.321484            -1.05548          -0.0757718          -0.0527618            0.467629             1.10824           -0.391857
             4.87433           -0.682623           -0.356849              1.0726           0.0634957           -0.389937            0.293353           -0.996047           0.0469242          -0.0983301            0.467668             1.09438           -0.514593
             4.93662           -0.742375           -0.350498               1.065           0.0926231           -0.322583            0.257875            -0.91992            0.154298           -0.146164             0.46743             1.06608           -0.621727
             5.00052           -0.798374           -0.337649             1.05401            0.122464             -0.2556            0.215185           -0.831381            0.244699           -0.198288            0.466423             1.02967           -0.711122
             5.06732            -0.85069            -0.31875             1.03883            0.153546             -0.1881            0.165204           -0.734399            0.317795           -0.257153            0.463754            0.991552           -0.781549
             5.13852           -0.899332           -0.293997             1.01811            0.186377           -0.118739             0.10762           -0.632302            0.374236           -0.325992            0.457759            0.958294           -0.831995
               5.216           -0.944222           -0.263292            0.989687             0.22141          -0.0454258           0.0418817           -0.527587            0.415354           -0.409319            0.445213            0.936905           -0.860567
             5.30192           -0.984951           -0.226311            0.950153            0.258678           0.0348376           -0.032367           -0.422255            0.442831           -0.513008            0.419729            0.935263            -0.86256
             5.39594            -1.01977            -0.18385            0.896083            0.296044             0.12373           -0.112194           -0.320634            0.458487           -0.639512            0.370547            0.960145           -0.829034
             5.48206            -1.04379           -0.144051            0.835718            0.325049            0.208116           -0.180998           -0.238787            0.464909           -0.763476            0.297743             1.00226           -0.762652
             5.55935            -1.05966           -0.108019            0.772408            0.344631            0.287292           -0.236612           -0.172766            0.467139           -0.874286            0.203759             1.04705           -0.670898
             5.63016             -1.0699          -0.0749137            0.707151            0.355251            0.362787           -0.280338            -0.11695            0.467712           -0.966837           0.0916804             1.08379           -0.559392
             5.69945             -1.0762          -0.0425037            0.637504            0.357176            0.438736           -0.314672           -0.065323            0.467722            -1.04002          -0.0398723             1.10535            -0.42785
             5.76586            -1.07894           -0.011448             0.56675             0.34995            0.512234           -0.338502          -0.0174329            0.467642            -1.08682           -0.179895             1.10425           -0.287747
             5.82974             -1.0786           0.0184263            0.496546            0.334042            0.582094           -0.352468           0.0282331            0.467648            -1.10684            -0.31854             1.07861           -0.149108
             5.89211            -1.07544            0.047594            0.427504            0.310091            0.647974           -0.357685           0.0733961            0.467718            -1.10362           -0.448386             1.03022          -0.0193314
             5.95416            -1.06945           0.0766165            0.359593            0.278594            0.709901            -0.35521            0.119827            0.467675             -1.0826           -0.564512            0.962778            0.096837
                   6            -1.06315             0.09805            0.310473            0.250973            0.752713           -0.349023            0.155626            0.467381            -1.05955           -0.638917            0.903926            0.171537
