                   0                   0                  -1
               0.001              -0.001                  -1
           0.0187223          -0.0187212           -0.999825
           0.0708053          -0.0707462           -0.997494
            0.148812           -0.148263           -0.988946
             0.23954           -0.237255           -0.971443
             0.33553           -0.329267           -0.944228
            0.433559           -0.420099           -0.907465
            0.532359           -0.507561           -0.861597
            0.631449           -0.590304           -0.807156
            0.730646           -0.667336           -0.744724
            0.829883           -0.737833           -0.674941
            0.929136           -0.801079           -0.598505
             1.02839           -0.856442           -0.516174
             1.12765           -0.903374            -0.42876
             1.22692           -0.941413           -0.337125
             1.32618           -0.970184           -0.242172
             1.42544           -0.989403           -0.144835
              1.5247           -0.998882          -0.0460728
             1.62396           -0.998527           0.0531423
             1.72322           -0.988341            0.151833
             1.82249           -0.968425            0.249029
             1.92175           -0.938976            0.343772
             2.02101           -0.900282            0.435131
             2.12027           -0.852726            0.522204
             2.21954           -0.796775            0.604136
              2.3188            -0.73298             0.68012
             2.41806           -0.661969            0.749407
             2.51732           -0.584442            0.811316
             2.61659           -0.501162            0.865237
             2.71585           -0.412948             0.91064
             2.81511           -0.320669            0.947076
             2.91437           -0.225234            0.974189
             3.01364           -0.127582             0.99171
              3.1129          -0.0286754            0.999468
             3.21216           0.0705134            0.997386
             3.31143            0.169007            0.985484
             3.41069            0.265836             0.96388
             3.50995            0.360048            0.932787
             3.60922            0.450713            0.892511
             3.70848            0.536941            0.843448
             3.80774            0.617882            0.786081
             3.90701            0.692739            0.720976
             4.00627            0.760776            0.648773
             4.10554            0.821322            0.570183
              4.2048            0.873781             0.48598
             4.30406            0.917637            0.396993
             4.40333            0.952459            0.304098
             4.50259            0.977903             0.20821
             4.60186            0.993719            0.110273
             4.70112            0.999751            0.011251
             4.80039            0.995941          -0.0878812
             4.89965            0.982325           -0.186148
             4.99891            0.959038            -0.28258
             5.09818            0.926309            -0.37623
             5.19744             0.88446           -0.466176
             5.29671            0.833904           -0.551531
             5.39597            0.775137           -0.631455
             5.49524             0.70874           -0.705161
              5.5945            0.635365           -0.771925
             5.69377            0.555736           -0.831088
             5.79303            0.470635           -0.882068
              5.8923            0.380901           -0.924363
             5.99157            0.287418           -0.957557
             6.09083            0.191106           -0.981323
              6.1901           0.0929124           -0.995427
             6.28319        -1.97124e-05           -0.999751
