                   0               6e+06                  50                   0
               0.001               6e+06             50.0951          0.00500475
            0.121579         5.99999e+06             62.9869            0.683524
            0.811367         5.99982e+06             223.262             9.11917
             1.67035         5.99895e+06             1046.63             52.4588
             2.17279         5.99724e+06             2673.73             138.124
              2.5355         5.99448e+06             5294.73              276.17
             2.83499         5.99024e+06             9320.65             488.343
             3.07953         5.98447e+06             14798.2             777.274
             3.28541         5.97706e+06             21838.6             1149.07
             3.46347         5.96787e+06             30568.8             1610.78
             3.62066         5.95676e+06             41116.9             2169.64
             3.76161         5.94361e+06             53610.3             2832.98
             3.88961         5.92826e+06             68177.2             3608.37
             4.00706          5.9106e+06               84948              4503.7
             4.11577         5.89046e+06              104058             5527.35
             4.22246         5.86641e+06              126886                6755
             4.31804         5.84053e+06              151442             8081.52
             4.41172         5.81046e+06              179960             9629.86
             4.50148         5.77656e+06              212106             11385.3
             4.58703         5.73888e+06              247824             13348.7
             4.66871          5.6973e+06              287217             15529.9
             4.74703         5.65162e+06              330481             17944.8
             4.82253         5.60155e+06              377887             20614.8
             4.89571         5.54671e+06              429774             23566.3
             4.96709         5.48665e+06              486569             26832.4
             5.03715         5.42079e+06              548806             30455.3
             5.10642         5.34838e+06              617183             34489.7
             5.17551          5.2684e+06              692639             39009.5
             5.24513         5.17943e+06              776501             44119.1
             5.31631         5.07929e+06              870781             49975.9
             5.39062         4.96437e+06              978841             56841.8
             5.47108         4.82754e+06         1.10728e+06             65226.4
             5.56583         4.64959e+06         1.27396e+06             76493.2
             5.65449         4.46665e+06         1.44486e+06             88535.4
             5.72288         4.31505e+06         1.58611e+06             98894.5
             5.78374         4.17285e+06         1.71826e+06              108948
              5.8384         4.03972e+06         1.84165e+06              118674
             5.88881         3.91277e+06         1.95902e+06              128253
             5.93826         3.78479e+06         2.07703e+06              138230
             5.98568          3.6592e+06          2.1925e+06              148354
             6.03113         3.53667e+06         2.30481e+06              158571
             6.07492         3.41694e+06         2.41421e+06              168904
             6.11743         3.29951e+06         2.52115e+06              179395
             6.15901          3.1839e+06         2.62606e+06              190095
             6.19994         3.06967e+06         2.72932e+06              201055
             6.24048         2.95648e+06         2.83124e+06              212327
             6.28086         2.84401e+06         2.93208e+06              223963
              6.3213         2.73195e+06         3.03207e+06              236022
             6.36201         2.62005e+06         3.13143e+06              248568
             6.40322         2.50804e+06         3.23034e+06              261677
             6.44516         2.39562e+06           3.329e+06              275435
             6.48812         2.28248e+06         3.42762e+06              289949
             6.53242         2.16825e+06         3.52645e+06              305351
             6.57844         2.05248e+06         3.62576e+06              321813
             6.62673         1.93456e+06         3.72592e+06              339562
             6.67798         1.81367e+06         3.82746e+06              358921
             6.73326         1.68853e+06         3.93115e+06              380370
             6.79432         1.55696e+06         4.03838e+06              404705
             6.86454         1.41464e+06         4.15195e+06              433464
             6.95271         1.24972e+06         4.27968e+06              470648
             7.05171         1.08283e+06         4.40357e+06              513648
             7.13686              954342         4.49417e+06              551539
             7.21243              851443         4.56284e+06              585764
             7.28598              760782         4.61973e+06              619539
             7.35697              681611         4.66594e+06              652503
             7.42616              611792         4.70334e+06              684922
             7.49444              549489         4.73342e+06              717141
             7.56254              493366         4.75722e+06              749461
             7.63105              442474         4.77546e+06              782120
             7.70046              396125         4.78861e+06              815315
             7.77118              353800         4.79704e+06              849212
             7.84359              315098         4.80099e+06              883964
             7.91807              279692         4.80064e+06              919720
             7.99497              247314         4.79611e+06              956626
             8.07471              217735         4.78748e+06              994836
              8.1577              190758         4.77478e+06         1.03451e+06
              8.2444              166207           4.758e+06         1.07584e+06
             8.33533              143925         4.73711e+06         1.11902e+06
              8.4311              123771         4.71201e+06         1.16427e+06
              8.5324              105615         4.68259e+06         1.21185e+06
             8.64002             89333.8         4.64865e+06         1.26206e+06
             8.75493             74813.7         4.60997e+06         1.31526e+06
             8.87829             61946.1         4.56624e+06         1.37186e+06
             9.01152             50626.9         4.51705e+06         1.43237e+06
             9.15638             40755.2         4.46189e+06         1.49741e+06
              9.3151               32233         4.40008e+06         1.56774e+06
             9.49058             24963.5         4.33075e+06         1.64434e+06
             9.68665             18851.1         4.25271e+06         1.72849e+06
             9.90859             13800.3         4.16436e+06         1.82189e+06
             10.1639              9715.1         4.06341e+06         1.92693e+06
             10.4639             6498.77         3.94648e+06         2.04707e+06
             10.8267             4053.44         3.80827e+06         2.18772e+06
             11.2834             2282.34         3.63997e+06         2.35779e+06
              11.881             1106.45         3.42997e+06         2.56897e+06
             12.6013             482.259         3.19219e+06         2.80737e+06
             13.3688             212.318         2.95663e+06         3.04321e+06
             14.1601             97.5679         2.73179e+06         3.26816e+06
             14.9733             46.8717         2.51846e+06         3.48154e+06
             15.8119             23.4463          2.3159e+06         3.68413e+06
             16.6801             12.1674         2.12332e+06         3.87672e+06
             17.5822              6.5336         1.94017e+06         4.05988e+06
             18.5222             3.62402         1.76609e+06         4.23395e+06
             19.5043             2.07411         1.60088e+06         4.39916e+06
             20.5328             1.22395         1.44442e+06         4.55563e+06
             21.6121            0.744361         1.29663e+06         4.70342e+06
             22.7471            0.466386         1.15749e+06         4.84256e+06
             23.9434            0.300983         1.02698e+06         4.97307e+06
              25.207            0.200022              905063         5.09499e+06
             26.5448            0.136852              791723         5.20833e+06
             27.9647           0.0963713              686908         5.31314e+06
              29.476           0.0698262              590544         5.40951e+06
             31.0896           0.0520337              502529         5.49752e+06
             32.8184            0.039859              422729         5.57732e+06
              34.678           0.0313672              350974         5.64908e+06
             36.6875           0.0253406              287057         5.71299e+06
             38.8707           0.0209982              230731         5.76932e+06
             41.2574           0.0178298              181710         5.81834e+06
             43.8865           0.0154964              139667         5.86038e+06
             46.8089           0.0137687              104234         5.89582e+06
                  50           0.0125193             75714.3         5.92434e+06
