                   0               6e+06                  50                   0
               0.001               6e+06              50.045          0.00500225
            0.207367         5.99999e+06             60.2565             1.13961
             1.68725         5.99981e+06             217.683             18.6317
             3.71658         5.99872e+06             1199.19             127.701
             4.85491         5.99642e+06             3270.77             357.978
             5.65976         5.99261e+06             6700.78             739.472
             6.31843         5.98664e+06             12070.1             1337.21
             6.85232         5.97843e+06             19457.3             2160.66
             7.29979         5.96779e+06             29026.1             3229.17
             7.68584         5.95452e+06             40965.1             4565.32
             8.02623         5.93839e+06             55467.1             6192.77
             8.33147         5.91919e+06             72728.2             8136.29
             8.60891         5.89668e+06               92951             10422.2
             8.86394         5.87062e+06              116349             13079.2
             9.10066         5.84076e+06              143151               16139
             9.33312         5.80497e+06              175252             19826.7
             9.54301         5.76609e+06              210105             23859.4
             9.74905         5.72076e+06              250692             28594.1
             9.94745         5.66935e+06              296693             34011.2
              10.138         5.61171e+06              348199             40142.1
             10.3217         5.54743e+06              405567             47054.6
             10.5002         5.47582e+06              469376             54849.5
             10.6751         5.39594e+06              540439             63666.5
             10.8483         5.30645e+06              619900             73701.3
             11.0222         5.20538e+06              709433             85239.6
             11.1998         5.08964e+06              811678             98730.3
             11.3863         4.95378e+06              931308              114964
             11.5923         4.78601e+06          1.0784e+06              135636
             11.8473         4.55223e+06         1.28213e+06              165683
             12.0217         4.37609e+06          1.4346e+06              189360
             12.1732         4.21302e+06         1.57489e+06              212146
             12.3072          4.0616e+06         1.70435e+06              234107
             12.4298         3.91768e+06         1.82661e+06              255753
             12.5499         3.77245e+06         1.94919e+06              278419
             12.6648         3.63004e+06          2.0685e+06              301506
             12.7748         3.49125e+06          2.1839e+06              324897
             12.8809          3.3557e+06         2.29569e+06              348657
             12.9841         3.22274e+06          2.4044e+06              372914
             13.0854         3.09175e+06         2.51049e+06              397811
             13.1857         2.96218e+06         2.61437e+06              423498
             13.2856         2.83354e+06         2.71637e+06              450136
              13.386         2.70539e+06         2.81675e+06              477904
             13.4875          2.5773e+06         2.91574e+06              507007
              13.591         2.44882e+06         3.01354e+06              537690
             13.6974         2.31944e+06         3.11035e+06              570258
             13.8077         2.18856e+06         3.20638e+06              605106
             13.9234         2.05541e+06         3.30187e+06              642768
             14.0465         1.91889e+06         3.39715e+06              684004
             14.1799         1.77733e+06         3.49274e+06              729986
             14.3288         1.62781e+06         3.58953e+06              782710
             14.5031         1.46446e+06         3.68943e+06              846158
             14.7243         1.27558e+06         3.79546e+06              929005
             14.9326          1.1165e+06         3.87463e+06         1.00892e+06
              15.115              991598         3.92835e+06          1.0801e+06
             15.2915              882842         3.96741e+06          1.1498e+06
             15.4602              789352         3.99374e+06         1.21696e+06
             15.6234              707918         4.00985e+06         1.28229e+06
             15.7838              635869          4.0175e+06         1.34668e+06
             15.9436              571339         4.01782e+06         1.41089e+06
             16.1044              513049         4.01155e+06         1.47545e+06
             16.2676              460100         3.99915e+06          1.5408e+06
             16.4342              411832         3.98092e+06          1.6073e+06
             16.6054              367740         3.95707e+06         1.67524e+06
             16.7821              327423         3.92772e+06         1.74491e+06
             16.9654              290550         3.89291e+06         1.81659e+06
             17.1564              256845         3.85264e+06         1.89056e+06
             17.3563              226069         3.80685e+06         1.96713e+06
             17.5665              198014         3.75541e+06         2.04663e+06
             17.7886              172494         3.69816e+06          2.1294e+06
             18.0244              149342         3.63485e+06         2.21586e+06
             18.2761              128404         3.56517e+06         2.30648e+06
             18.5464              109539         3.48871e+06          2.4018e+06
             18.8384             92616.3         3.40497e+06         2.50246e+06
             19.1563             77511.3         3.31328e+06         2.60925e+06
             19.5053             64107.4         3.21281e+06         2.72313e+06
             19.8922             52293.4         3.10247e+06         2.84528e+06
              20.326             41963.8         2.98085e+06         2.97724e+06
             20.8193               33020          2.8461e+06         3.12093e+06
              21.389             25375.3         2.69593e+06         3.27875e+06
             22.0565               18969         2.52803e+06         3.45305e+06
             22.8399             13794.3         2.34251e+06         3.64375e+06
             23.7309             9877.26         2.14655e+06         3.84362e+06
             24.6932             7105.54         1.95223e+06         4.04071e+06
             25.6986             5200.63         1.76731e+06         4.22754e+06
             26.7377                3886         1.59412e+06         4.40204e+06
             27.8125             2962.66         1.43253e+06         4.56456e+06
             28.9292             2301.12         1.28178e+06         4.71597e+06
             30.0951             1818.43         1.14117e+06         4.85706e+06
             31.3176             1460.58         1.01018e+06         4.98841e+06
             32.6046              1191.6              888429         5.11043e+06
             33.9642             986.972              775669         5.22339e+06
             35.4053             829.634              671698         5.32752e+06
              36.938             707.523              576345           5.423e+06
             38.5739              611.98              489442            5.51e+06
             40.3266              536.71              410807         5.58871e+06
             42.2123             477.086              340238         5.65933e+06
             44.2511             429.673              277505         5.72212e+06
             46.4676             391.894              222343         5.77732e+06
             48.8931             361.802              174452         5.82524e+06
                  50             350.944              156181         5.84352e+06
