                   0               6e+06                  50                   0
               0.001               6e+06             50.0283          0.00500142
            0.327393         5.99999e+06             60.1898             1.79821
             2.79209         5.99979e+06             230.286             31.8157
             6.16956         5.99846e+06             1361.63             231.496
             8.02085         5.99559e+06             3799.45             661.942
             9.32029          5.9908e+06             7873.05             1381.76
             10.3809         5.98324e+06             14291.1             2517.23
             11.2389         5.97281e+06             23156.1              4088.4
             11.9575         5.95924e+06             34674.3             6134.62
             12.5776         5.94226e+06             49084.4             8702.33
             13.1248         5.92157e+06             66634.8             11841.3
             13.6162         5.89686e+06             87583.5             15605.1
             14.0638         5.86779e+06              112204             20052.5
             14.4765         5.83401e+06              140794             25249.6
             14.8813         5.79283e+06              175598             31624.8
             15.2444         5.74765e+06              213727             38670.8
             15.6006         5.69434e+06              258653             47057.7
             15.9433         5.63317e+06              310103             56777.9
             16.2728         5.56383e+06              368299             67925.5
             16.5915         5.48553e+06              433837             80679.8
             16.9029         5.39707e+06              507671             95312.3
             17.2112          5.2966e+06              591229              112224
             17.5217          5.1813e+06              686719              132032
              17.842         5.04642e+06              797859              155770
             18.1857         4.88272e+06              931880              185448
             18.5823         4.66871e+06         1.10555e+06              225785
              18.906         4.47435e+06         1.26164e+06              264054
              19.183         4.29458e+06         1.40451e+06              300962
             19.4234         4.12932e+06         1.53445e+06              336278
             19.6409         3.97315e+06         1.65593e+06              370976
             19.8535         3.81532e+06         1.77727e+06              407457
             20.0561         3.66082e+06         1.89457e+06              444660
             20.2495         3.51053e+06         2.00713e+06              482388
             20.4357         3.36395e+06         2.11533e+06              520775
              20.617         3.22027e+06         2.21972e+06              560061
             20.7952         3.07872e+06         2.32081e+06              600516
              20.972         2.93862e+06           2.419e+06              642433
             21.1491         2.79935e+06         2.51457e+06              686130
             21.3281         2.66033e+06         2.60775e+06              731976
             21.5106         2.52094e+06          2.6987e+06              780412
             21.6987         2.38051e+06         2.78754e+06              831996
             21.8946         2.23822e+06         2.87436e+06              887466
             22.1016         2.09298e+06         2.95922e+06              947850
             22.3242          1.9432e+06         3.04217e+06         1.01468e+06
             22.5698         1.78637e+06         3.12327e+06         1.09041e+06
             22.8509         1.61829e+06         3.20242e+06         1.17935e+06
             23.1853         1.43463e+06         3.27766e+06         1.28776e+06
             23.5209         1.26821e+06         3.33311e+06         1.39872e+06
             23.8243         1.13273e+06         3.36692e+06          1.5004e+06
             24.1194         1.01397e+06           3.386e+06         1.60008e+06
             24.4021              911554         3.39259e+06          1.6959e+06
             24.6759              822188          3.3891e+06         1.78876e+06
             24.9453              742987         3.37714e+06         1.87992e+06
              25.214              671902         3.35772e+06         1.97043e+06
              25.485              607523         3.33145e+06         2.06107e+06
             25.7606              548858         3.29873e+06         2.15247e+06
              26.043              495178         3.25978e+06         2.24509e+06
             26.3342              445927         3.21475e+06         2.33937e+06
             26.6362              400667         3.16369e+06         2.43569e+06
             26.9511              359039          3.1066e+06         2.53441e+06
             27.2812              320744         3.04339e+06         2.63592e+06
              27.629              285525         2.97394e+06         2.74059e+06
             27.9978              253159         2.89803e+06         2.84886e+06
              28.391              223451         2.81541e+06         2.96119e+06
              28.813              196224         2.72571e+06         3.07812e+06
             29.2692              171321         2.62848e+06         3.20024e+06
             29.7663              148599         2.52317e+06         3.32828e+06
             30.3129              127929         2.40907e+06         3.46305e+06
             30.9198              109197         2.28535e+06          3.6055e+06
             31.6012             92313.3         2.15111e+06         3.75662e+06
             32.3742             77221.6         2.00561e+06         3.91722e+06
              33.256             63932.7         1.84903e+06         4.08709e+06
             34.2553             52545.4         1.68398e+06         4.26352e+06
             35.3609             43169.2         1.51658e+06          4.4403e+06
             36.5468             35732.3         1.35396e+06         4.61036e+06
             37.7923             29945.3         1.20082e+06         4.76928e+06
             39.0894             25448.1         1.05894e+06         4.91567e+06
             40.4402             21925.3              928412         5.04971e+06
             41.8518             19135.5              808762         5.17215e+06
             43.3343             16903.1              699386         5.28376e+06
             44.8988             15100.8              599740         5.38521e+06
             46.5583             13635.4              509361         5.47705e+06
             48.3273               12438              427851         5.55976e+06
                  50             11558.5              362744         5.62575e+06
